hhodo_1x_good_adctdc_diff_time_vs_pmt_pos
hhodo_1x_PosAdcTimeWindowMin= 9.375, 13.125, 14.375, 14.375, 14.375, 14.375, 14.375, 14.375, 14.375, 14.375, 14.375, 14.375, 13.125, 14.375, 14.375, 14.375
hhodo_1x_PosAdcTimeWindowMax= 49.375, 53.125, 54.375, 54.375, 54.375, 54.375, 54.375, 54.375, 54.375, 54.375, 54.375, 54.375, 53.125, 54.375, 54.375, 54.375
hhodo_1x_good_adctdc_diff_time_vs_pmt_neg
hhodo_1x_NegAdcTimeWindowMin= 10.625, 6.875, 11.875, 11.875, 11.875, 11.875, 13.125, 13.125, 11.875, 13.125, 13.125, 13.125, 11.875, 11.875, 11.875, 11.875
hhodo_1x_NegAdcTimeWindowMax= 50.625, 46.875, 51.875, 51.875, 51.875, 51.875, 53.125, 53.125, 51.875, 53.125, 53.125, 53.125, 51.875, 51.875, 51.875, 51.875
hhodo_1y_good_adctdc_diff_time_vs_pmt_pos
hhodo_1y_PosAdcTimeWindowMin= 9.375, 9.375, 9.375, 13.125, 13.125, 13.125, 14.375, 9.375, 13.125, 13.125
hhodo_1y_PosAdcTimeWindowMax= 49.375, 49.375, 49.375, 53.125, 53.125, 53.125, 54.375, 49.375, 53.125, 53.125
hhodo_1y_good_adctdc_diff_time_vs_pmt_neg
hhodo_1y_NegAdcTimeWindowMin= 10.625, 11.875, 11.875, 11.875, 11.875, 11.875, 8.125, 8.125, 11.875, 11.875
hhodo_1y_NegAdcTimeWindowMax= 50.625, 51.875, 51.875, 51.875, 51.875, 51.875, 48.125, 48.125, 51.875, 51.875
hhodo_2x_good_adctdc_diff_time_vs_pmt_pos
hhodo_2x_PosAdcTimeWindowMin= 11.875, 11.875, 11.875, 9.375, 11.875, 11.875, 11.875, 11.875, 11.875, 11.875, 13.125, 11.875, 13.125, 13.125, 13.125, 13.125
hhodo_2x_PosAdcTimeWindowMax= 51.875, 51.875, 51.875, 49.375, 51.875, 51.875, 51.875, 51.875, 51.875, 51.875, 53.125, 51.875, 53.125, 53.125, 53.125, 53.125
hhodo_2x_good_adctdc_diff_time_vs_pmt_neg
hhodo_2x_NegAdcTimeWindowMin= 11.875, 11.875, 13.125, 13.125, 11.875, 13.125, 13.125, 11.875, 13.125, 13.125, 13.125, 13.125, 9.375, 9.375, 13.125, 14.375
hhodo_2x_NegAdcTimeWindowMax= 51.875, 51.875, 53.125, 53.125, 51.875, 53.125, 53.125, 51.875, 53.125, 53.125, 53.125, 53.125, 49.375, 49.375, 53.125, 54.375
hhodo_2y_good_adctdc_diff_time_vs_pmt_pos
hhodo_2y_PosAdcTimeWindowMin= 10.625, 11.875, 13.125, 8.125, 11.875, 11.875, 13.125, 11.875, 11.875, 11.875
hhodo_2y_PosAdcTimeWindowMax= 50.625, 51.875, 53.125, 48.125, 51.875, 51.875, 53.125, 51.875, 51.875, 51.875
hhodo_2y_good_adctdc_diff_time_vs_pmt_neg
hhodo_2y_NegAdcTimeWindowMin= 10.625, 11.875, 8.125, 13.125, 11.875, 11.875, 11.875, 11.875, 11.875, 11.875
hhodo_2y_NegAdcTimeWindowMax= 50.625, 51.875, 48.125, 53.125, 51.875, 51.875, 51.875, 51.875, 51.875, 51.875
